50
57 -249 -290
-198 -27 -4
107 -300 3
-220 -169 264
-255 98 -56
-167 59 213
-205 -157 186
-291 -194 -129
-239 -213 -227
283 -219 -271
-276 -297 11
5 -70 -122
-265 -50 -8
-166 -221 -122
128 -195 70
-223 -81 40
-255 -126 -261
279 -261 -105
-5 -195 164
-37 -162 -135
-250 -216 -3
229 -185 -124
255 -288 -269
68 -289 -209
-28 -70 -195
119 -151 -145
-126 -37 -4
-235 -208 20
-197 -41 139
-85 -291 258
-83 -263 -26
-192 -235 144
-221 -85 -208
-179 -95 76
123 -82 236
52 -110 -86
102 -57 294
-82 -130 161
-68 -249 231
73 -262 -252
-284 105 79
-256 51 -111
78 -202 -105
159 -193 43
-7 -34 60
-163 21 294
-211 -245 -244
-158 -143 137
-29 -222 20
-189 40 -212

