100
155 -199 80
70 -158 -91
161 -160 -241
-191 -209 231
67 -145 31
-198 -145 176
-79 -287 299
-131 -6 97
115 -220 -276
-2 -13 129
-35 -43 -9
-139 -76 -140
-281 -157 -23
-31 -293 -269
300 -149 -142
-177 -187 -81
185 -132 102
141 -97 299
-170 -31 -267
-271 -193 -78
-148 -188 31
-72 -106 -22
275 -132 90
194 -276 48
1 -80 64
222 -134 -96
-274 -92 233
100 -186 -106
-40 -76 147
-173 -205 248
-231 -274 8
-162 35 -265
7 -182 174
169 -185 278
-300 -267 -193
145 -223 -63
158 -118 46
-243 -102 -283
-25 -125 -16
-294 -184 -214
123 -194 -73
-46 -79 -26
69 -120 -298
-7 -226 260
-195 -97 -50
197 -136 -235
-256 -176 -271
191 -105 -264
213 -121 256
-289 -120 -112
152 -251 -178
195 -137 212
-287 7 -260
121 -133 155
153 -287 1
-153 -42 152
-105 -247 231
-284 -211 -241
-127 -267 -171
-100 -293 17
-209 -290 15
-93 11 181
-196 -16 292
-31 -153 265
-163 -229 -176
211 -268 7
-225 -112 -16
21 -199 -240
-254 -175 -226
133 -258 165
74 -172 282
-86 -46 -109
-216 -200 -4
277 -212 100
-123 -37 204
-19 -75 -156
-5 -234 118
-281 -282 246
-120 -134 157
-290 78 -276
-175 -221 72
273 -288 162
-112 -141 -216
-265 -11 -248
-152 -49 -236
-271 -276 -184
41 -238 -172
-203 79 -212
93 -115 10
170 -126 193
-52 -46 -80
127 -54 25
81 -44 -36
-105 -53 193
24 -183 14
86 -261 -69
7 -252 78
-246 -203 -194
-159 -259 180
90 -150 273

