1000
8007 -9541
-3589 1955
-3176 -1286
5115 6655
-6058 525
-8985 9541
-5163 -3759
-5691 2509
1075 -2175
-8062 -217
83 9016
3285 -4745
8882 -8303
451 -4829
-2257 -9136
-2514 -881
-3218 -1529
4228 327
-1979 -3342
8474 3325
-1493 -9148
7903 -7885
1270 -5081
-2839 -327
2250 -9635
1748 -4677
-3414 -9716
-6097 -9834
466 -4006
-3412 -1173
-6136 -6763
991 -4457
-7313 8214
2797 7135
2912 1829
-6728 2159
-2029 -1406
-4894 903
6465 1307
-9035 -1713
2511 -5215
-5731 -8856
-1437 -448
-9829 9617
-3558 -8916
-5483 6238
1918 2138
-1649 -86
9650 -9457
-9985 8787
-7217 -9572
4093 -3582
9526 2026
-7782 3594
-4549 3124
-8590 -4717
-7801 -7790
-6556 -2825
-8092 -8517
-7391 -1428
1265 1901
-9276 -540
-4841 7369
-4126 6193
-5572 9626
-9662 -6803
-1859 1118
4624 -4455
4891 7207
7084 2147
9709 -2215
4359 -51
1727 4313
-1295 4846
-1031 -9561
844 -111
-7778 -4377
-8347 -5180
3292 8424
-6557 -6540
-6151 -8128
-9056 2547
-1294 -8812
8730 -4194
-5844 -6496
-4190 1725
-5601 -5899
-5220 1161
-134 -6690
-3959 1557
-3160 -9527
-9793 8776
-564 -8959
-4164 -2617
-7532 1729
-6121 -8551
5870 8071
5568 2222
-9354 -1308
-5087 -8649
-6994 830
-4475 7292
-3335 8878
5051 -1555
-4541 -5270
-5832 -9322
-936 9802
-4859 -7207
5857 -5275
-2703 949
-1942 -6597
-8118 -3284
2981 -8743
8969 -8123
-2355 2009
6321 -4079
-8338 -4824
2681 -5749
101 4780
7722 3681
2945 -2588
8358 8151
-9901 -9198
7495 -9845
-7197 -680
-1680 821
-8124 959
5088 3699
-3964 542
4164 7139
-3995 280
-3731 6671
-2993 3078
-9078 5040
-9721 -298
7217 6636
-3173 -9260
-5097 -5183
7456 -1686
-3477 -8570
8894 5252
-5025 -4495
-6743 -2861
-2525 4725
1491 1116
7960 -2101
-4926 4043
-2814 7580
4925 -8384
5984 5300
1993 -9832
5369 -3337
9979 -2588
-1641 -8676
-5978 1337
8889 6773
1111 6255
9892 -3921
6915 -6686
-4038 -8293
-9667 414
5421 -2741
-4883 761
-2796 510
-4803 1183
1855 -5059
8180 -6539
1417 -6232
2568 -6566
4301 -5712
-5328 5800
-9638 -3011
3736 9379
-4343 -1479
5081 3314
-7892 7212
-2553 -9752
-4597 -1883
-1620 7594
-1970 -7555
439 -7286
8020 9848
2063 -40
-6293 4780
-6870 -4643
-7904 1828
9027 93
2422 8007
2184 2216
-3052 -8620
-3566 -2101
9350 626
-7748 4679
-7747 -8955
-1972 5862
9846 -4509
7798 -6775
-6718 167
546 2506
9060 -59
-6967 -6954
2136 -4735
-5144 -8766
-7116 5338
1933 -1565
8402 -6357
-6664 4758
1291 -8013
8064 -3394
2406 -6350
7505 6582
9172 -5898
8319 -2490
1941 -744
9748 -3601
7870 -3681
6477 4143
-9698 2960
-2553 1471
-7492 -7616
-4236 6721
3973 -1436
-4334 -4263
-1053 6456
-34 -6055
-3277 5044
-1595 -2304
2705 -9377
347 -795
-685 269
-7762 -4430
-6528 1633
-2273 5133
-8199 2007
5768 -8324
-3306 -9570
-6880 -5402
5880 -4630
-5784 5150
-7559 8777
-5827 -3778
3688 7538
-2930 -8689
-5453 6983
593 -5806
-8250 -5967
-198 -3590
1076 3188
2180 282
-8205 -1762
-1998 -9281
-51 7584
-7556 -9860
-2638 321
1762 -1300
-5165 1581
9732 -2028
1743 -2283
6293 1993
677 -4237
300 -2797
-7852 -1586
6205 -527
-3936 -1058
-3000 -68
305 -6545
8784 -1136
-7515 2603
8847 -5271
9917 -7118
7528 4556
-8933 -7378
-7011 -187
-4113 8134
5314 -4298
-5523 9134
-5390 -3727
8901 -7224
8896 7772
8460 -794
-3984 9439
-8226 3729
-5272 7771
-3608 -634
-799 4760
1598 1256
9954 -4957
3479 -5230
-5810 -2631
6610 5610
-4643 862
6742 -2849
-1271 -15
-1342 -311
-5461 -4284
161 -6121
357 -7002
-1728 -6133
1665 -2909
-1603 1341
-8486 8239
-6815 679
-3305 -578
-8178 -6750
5346 -9354
957 -7060
1327 -2709
-7101 -5011
-4835 -8064
-2607 3226
-8218 -5357
-3994 3513
-1552 8124
1823 -9819
-892 5108
2637 9878
6626 949
-2454 -3175
-8142 3874
7724 -8827
2365 1894
-5766 7187
2878 34
-1442 -9823
-2445 -7135
-8962 1729
5722 -8883
-60 -6223
-4617 7337
-1756 2186
-1446 -7436
-2113 -8552
-7327 -780
-9727 2406
1528 -2954
-7019 -8763
-4310 6674
-4464 8614
3348 -4469
-4335 8131
-395 224
-9620 9511
-2100 -2434
-6685 9931
-1981 2002
-2858 6431
712 -2869
-9668 -9589
1694 -7308
7987 -6665
-4526 6213
1267 -5975
-5871 -611
-3319 -8243
-4713 -5614
-893 -6150
7850 -4159
3400 9619
-921 -5589
427 -4885
-8419 -1500
-9153 -4565
-2789 641
3564 -2056
-5276 9852
1090 5330
5449 -6125
-3570 -1991
-7912 -3306
1579 -110
-6768 -4806
1179 -9777
-5574 3793
-2602 6606
9236 702
-8094 -9638
-5875 -5181
-3453 -9543
-41 -5378
-6955 3113
2233 1427
1018 -8224
-7581 -6068
6957 1244
4041 -386
-3137 -7748
2633 2414
6050 5260
-2932 -236
704 -6239
-2441 5183
1331 3523
2072 -3272
-4144 -5742
-8221 -5237
-8350 -7134
-3548 -8540
223 5865
1034 9975
-6791 -326
-2711 -1342
-4277 7891
-3546 -9801
-4706 -7916
8043 1684
4366 -1360
2459 -940
-5853 -6901
-6391 -2228
-4760 -8903
-8052 6448
9658 -724
749 -4395
6655 -8780
-9308 2522
-1511 8830
-8029 3177
-5926 3518
-1423 696
-4871 -3821
-9252 -904
-8474 -760
-1211 -7833
445 2715
-9178 -2425
-3338 -6023
7254 -8012
1988 1233
-6977 -8242
7581 -8727
-8292 1790
-2028 -5108
-6176 -4167
-78 2886
-5133 -3617
9180 8145
-5817 9320
8052 591
-2143 -3200
-6746 -4422
-4135 1840
-2429 -900
2634 3390
968 8281
2304 -3338
5762 -110
1910 -3379
-1289 9167
-5820 -164
3996 -1518
403 7729
-1524 -3534
1878 -9780
-6404 3693
-7051 -5051
-8054 5554
-9045 -8722
7508 2470
-2224 4057
3567 -4919
-9545 2072
-2250 -7561
-9956 -3381
3461 2540
4442 -1063
-9186 -1236
-6054 2133
-4077 9220
-4272 -7026
1608 3817
-6198 7233
-8403 6089
2207 5452
-1262 3297
1583 -151
-8607 1420
-595 5819
-4412 -8674
-5928 4485
-5914 -8978
8841 -9800
-6844 -6308
1774 -1611
-8166 -7638
-9538 -5165
1024 -7797
-7867 9497
-841 8520
-8030 -1073
4552 2293
-6127 8027
-3771 -569
3916 -8188
-9360 2159
6703 -9091
-2906 1276
-2793 -3231
-9646 262
1080 -2247
-539 9742
-826 836
-5429 8830
-3888 1749
693 -3465
4793 5121
4794 1673
1981 1074
1731 -6395
-2887 -1024
2531 -717
-8439 -2015
1929 6782
-559 4030
-9999 375
5505 5640
-7135 -7977
2256 9322
-1232 -4825
-2412 8161
-9272 -8291
-5779 5225
-5199 6856
4157 -9895
8965 -916
-7811 5075
-6394 -8687
-5744 4726
-2854 -8324
-3430 1747
-4820 1267
-3794 -2838
114 526
168 -820
-7142 -5778
-9607 -4639
-9858 738
-2298 -6257
-3530 -9706
-6603 1464
3632 -9402
7936 -4347
-1695 -9932
-3156 -7389
1470 5213
-8610 1931
1062 -4922
-7509 4360
-2685 -3843
-2735 -4622
-4592 -2308
3109 6911
9981 -2863
-5555 -8741
-5584 -6819
-849 119
1614 762
-9559 -3198
-6211 7169
-3870 -5486
-1730 -3767
3362 2671
11 -716
-6051 3432
1817 3240
5206 3429
474 506
2466 -2238
5931 -2161
329 -6634
-182 -7323
7316 -964
-2105 7312
9698 -6547
-3457 -8096
7070 -6998
2789 -1301
-6289 8132
9250 -3737
5550 276
-2689 -7080
8477 9388
8671 -2610
9942 -1903
-8911 -635
5761 1736
-2361 213
-6999 -2960
-2365 334
-2541 -1679
-1457 -6629
-7868 7573
-6792 -2776
-5203 -2508
-4047 -4568
-219 -2284
-2342 1464
-2833 -7378
-3898 -961
-9302 -3274
-9574 8891
6751 -8648
-4430 -2344
538 -4579
-3832 2271
9378 -2571
24 -3369
-2528 -5352
-7651 -3992
-956 8774
6627 476
5577 -4498
1365 -4212
1429 -6953
-101 -646
-2587 4922
-8150 409
-7863 -9491
7860 -558
-9300 -2073
-4831 -1015
-4360 4579
-4990 2719
-1545 349
2146 -2860
-8292 -4990
-9507 -7250
8324 -9684
-8427 9632
2549 9419
3747 -7966
8147 -9118
-4854 -1434
9129 2514
9779 -9554
6250 -5830
-748 -9610
-2435 -7584
4082 -5830
-333 -5047
233 2292
-3588 847
-3894 -6587
2621 8534
1605 7384
3578 2739
6822 6753
1238 -7498
-8029 363
-538 2284
4855 2577
6393 8989
4907 -180
-3464 -5867
-9455 560
2139 -7095
-9410 -8976
-8689 409
7504 -407
-7716 7922
-3350 5790
-8535 -7144
2092 9151
-6820 6306
-3075 7920
-3992 6982
-9592 5415
-447 -8618
-1205 -2571
-5996 3467
-8503 1896
1654 -3359
136 784
5691 -7804
9751 -2847
-9656 8714
6543 6714
-6773 -7073
-1985 -861
744 4042
-3521 -4292
-8297 5381
-7985 1108
-2163 -7186
-7779 -3209
9783 -5303
5057 -7541
-7859 1691
429 -4164
1671 2489
1703 -6538
-950 -4699
-8710 -2861
8712 -8875
-4861 -7401
-1147 1623
-5486 8857
5083 -5967
-3723 -4989
866 -9393
8363 -8935
-3480 950
-9633 2498
-4951 -8418
7672 -3365
8669 -1888
-2293 4625
-8437 -5461
8308 -3598
-2168 -5538
-8794 -319
-2823 -8110
-449 -691
-5253 -9963
-3649 -6022
-823 2846
571 5768
6929 -2403
365 -3470
-4495 -5998
2703 4919
7236 6435
-8569 8248
8563 -8091
-5885 1728
-8366 -2267
8811 -6261
-3697 -2622
-9718 2432
-7870 -3433
-4648 -6398
5290 -6524
-396 -2938
-7912 -1147
3475 7814
7854 -6433
-3463 -1387
-2014 -6330
-7963 -2093
-5592 -4645
-4590 2691
-4303 -5426
506 7931
-2901 4783
4512 7645
-203 4577
1252 -9022
8173 1674
-4670 703
-9624 -7756
1912 5572
-4347 -946
-702 2464
1604 1046
2475 1452
-4556 2515
3529 -6012
-503 869
-7362 -6918
5816 -2271
-9787 552
-5155 -8905
-785 -828
6010 -1993
553 -2437
-8699 5844
-1083 -6699
-8319 8935
-3187 -898
9902 8631
8421 2697
-5540 2423
-21 -4564
-5723 4112
5343 -176
-3779 2304
-7229 813
-7261 6468
-6272 -7249
6201 -4493
-45 -832
-8326 -4500
-1247 -9535
-2072 -8624
1255 -3719
1992 -8494
7640 6963
-2068 -6194
-7385 4737
2414 -426
-223 1988
-1470 -9546
2208 -8496
1773 -3952
-2465 7787
-7406 -1402
-4376 -3370
-6098 -4092
6709 -1967
7302 -1294
-5036 -5896
9821 -3634
-6613 8306
-151 5088
-2240 -822
-888 -9693
-7409 -5088
-592 7657
7656 8059
-9692 -3200
-2829 9087
-8978 1402
-5712 -6586
-6775 2307
-3671 -1526
222 182
-2306 3330
3698 -617
-55 2284
-2116 -3914
-1920 1170
-7587 3738
6995 -4566
-5267 -7520
-6048 5494
-2160 7937
7428 -9805
3763 500
-7150 -9127
-9518 4949
7716 -9769
-6439 1989
1070 1536
-6000 1105
2616 429
-6610 1846
6414 -1758
-9579 -3226
-5552 9131
2369 5958
-9425 9481
5626 279
-8645 -6606
9547 -1666
87 1012
-6188 -1539
-3539 6014
7874 -7229
-343 -3047
-3297 -2906
-2272 -4229
8006 3275
242 8574
-391 -2067
210 -2454
-1673 -1185
6112 -1957
-1175 -341
-8673 -4767
-3684 -1890
2181 -2878
-4749 -281
-816 1736
-1539 -196
-5640 -2602
614 8989
2636 -4387
1514 2042
1685 -2834
-6256 -2021
-2210 9265
-8332 -6825
-7911 1558
2661 -2010
-326 8232
-6000 -3872
-2810 -4085
8603 -8327
-942 348
-8457 5589
9030 8577
1840 6206
8480 -9540
2919 -7090
-9729 -5857
-9503 -7949
8959 -3931
-3166 -6380
-8094 1056
-4812 7729
817 -6352
8974 9447
-6652 -8013
-1198 -9413
-5253 -4763
-6382 4024
-7850 1310
386 4241
1893 5088
-4031 -8596
2936 -6957
9303 -2464
2043 -8751
-4217 8895
6374 -2846
-5469 -5360
9135 -5759
-8707 990
9058 -6008
3615 -6731
-1292 -7642
-3429 -1300
-3148 -8458
3558 -865
-3933 239
863 -8322
1255 1462
726 -2102
-6373 9597
-5843 -2562
-6296 8356
2709 -2194
-1670 1508
-1465 8908
9068 6765
875 -2927
-8348 -4660
7032 -9863
903 -5196
-8510 239
-317 5398
8718 -2421
-8555 4880
2634 -2855
-5915 -5362
-422 1851
3988 -7250
-9259 -3151
-9638 1213
-813 2746
1062 1962
-5985 -1805
851 2077
849 8552
-7755 -9957
2687 -2551
-4786 -2921
-1838 9883
9897 -570
4024 -1870
-3483 -1361
-9417 1662
-2512 -8154
-6453 -827
983 9562
3721 -5490
-8162 -3637
-7936 -4922
3532 -8032
-9682 -4449
3465 -9735
2950 -6026
6154 2239
4276 -6473
-7894 -4700
1193 -6815
6111 2599
-6771 -1138
-891 1209
-1123 3790
-4101 2557
-943 7603
-3338 4631
-8646 5011
1778 -6850
9718 2441
-983 4657
-3555 6333
-2977 -5134
-1413 8677
3749 -1138
-3963 -8213
-9220 1789
-2749 -399
-1606 -182
-5453 4725
-1557 6644
-5902 7886
-8391 6547
6579 -1410
-5134 2494
4243 -9781
-6467 -3539
-5362 -1178
-6634 -2310
9074 -5874
7900 3310
-3949 -7110
-7771 7450
1601 1429
2295 -990

